-5.466557049774620758e-01 -4.170954490498683942e-01
-1.265804153851167180e-01 -8.670512597497144203e-01
-4.312995574520437914e-01 -4.220346468869665135e-01
-5.195937877663798776e-01 -3.144368199632986416e-01
-8.434658703732700324e-02 -1.260717785398124402e+00
-7.932841541199360247e-01 -7.345425167196568683e-01
-2.366358882790099982e-01 -5.963138206492502036e-01
-4.276987122317849055e-02 -5.963902686211275395e-03
1.181883168867892131e-02 -2.328212305009709771e-01
-1.485766167215774036e-01 -7.367894214789538765e-01
9.171602144152852798e-01 8.828207365188381894e-01
9.254187958101971478e-01 6.421948422165855153e-01
8.118564683439557506e-01 4.990738531325407124e-01
8.395356636646295057e-01 2.529545876559260442e-01
4.743253943466526068e-01 1.439965941376797898e-01
6.749508629108824653e-01 -6.621476942010873223e-02
4.057227093234473392e-01 8.666316683728160220e-01
3.946191062694798246e-02 1.072026014461576748e+00
4.946433661831635131e-01 6.538625471690686641e-01
4.369901817285889445e-01 2.597506854186013570e-01
